 B -24.589569  0.000007      -24.58938526152562     -24.5265909059834
 B2 -49.2703  0.0001         -49.27046003391562     -49.0827919035444 
 BN -79.2016  0.0003         -79.20597457651715     -78.8881230489442
 C -37.760400  0.000007      -37.76031818984049     -37.6824178814587
 C2 -75.7239  0.0002         -75.7264779361535      -75.3868171139642
 Cl -459.598984  0.000009    -459.59886844002193    -459.4671805869
 Cl2O -994.2181  0.0001      -994.2163017866405     -993.713427438906
 ClF3 -758.2834  0.0002      -758.2800536539061     -757.509135397737
 ClF5 -957.3607  0.0003      -957.3551963737511     -956.154850335188
 ClO3 -684.4175  0.0002      -684.4161200808555     -683.662821954098
 ClOO -609.5844  0.0002      -609.5790792070059     -609.008394006214
 ClOOCl -1069.1891  0.0002   -1069.1863125084647    -1068.47827801372
 F -99.527668  0.000009      -99.52753862710813     -99.3718619401201
 F2O -274.0736  0.0002       -274.0716235864887     -273.463516175287
 FO2 -249.5208  0.0003       -249.51577152556305    -248.894614642392
 FOOF -349.0601  0.0003      -349.0561756731076     -348.216627489204
 N -54.478366  0.000004      -54.47837959208389     -54.3884142370103
 O -74.909888  0.000006      -74.90987095508062     -74.7875130746234
 O3 -224.9128  0.0003        -224.909286362267      -224.26673705861
 OClO -609.5073  0.0003      -609.5047630247631     -608.950160690645
 OF -174.49914  0.00009      -174.49807899962917    -174.129361124796
 S -397.600627  0.000009     -397.6005165621414     -397.492839749214
 S3 -1192.9958  0.0002       -1192.993221144942     -1192.53935855196
 S4 -1590.6767  0.0003       -1590.6708156649677    -1590.04077593886
