 B2        0.06 1.29 0.08 0.00 
 BN       -2.63 2.12 0.16 0.04 
 C2       -2.28 2.35 0.32 0.07 
 Cl2O     -0.88 1.16 0.04 0.00
 ClF3     -0.73 1.33 0.05 0.00
 ClF5     -1.33 2.40 0.00 0.00
 ClO3     -1.76 2.39 0.00 0.00
 ClOO      0.10 3.13 0.22 0.00
 ClOOCl   -1.29 1.80 0.00 0.00
 F2O      -0.59 1.38 0.10 0.00
 FO2      -0.12 2.91 0.23 0.00
 FOOF     -0.74 2.29 0.27 0.00
 O3       -1.34 3.81 0.41 0.00
 OClO     -1.28 1.77 0.12 0.00
 OF        0.28 0.57 0.03 0.00
 S3       -1.32 2.42 0.13 0.00
 S4       -2.78 4.84 0.30 0.00