 B -24.598272  0.000008      -24.59806925099071    -24.5281465684552
 B2 -49.2954  0.0001         -49.29598586613883    -49.0884693608923
 BN -79.2637  0.0002       -79.26787449597387    -78.9055643404072
 C -37.780792  0.000009      -37.78065873438933    -37.6867080513832
 C2 -75.7805  0.0002         -75.78300177165035    -75.4014492226164
 Cl -459.67200  0.00002      -459.6717888553576    -459.479836583307
 Cl2O -994.4602  0.0002      -994.4583041675564    -993.777433932605
 ClF3 -758.7009  0.0003      -758.6984527602424    -757.657803490922
 ClF5 -958.0096  0.0003      -958.006445496987      -956.398342347842
 ClO3 -684.7961  0.0003      -684.7953703531147    -683.820734590095
 ClOO -609.8058  0.0003      -609.8004981699117    -609.068096868569
 ClOOCl -1069.5051  0.0003   -1069.5024553080166   -1068.56542944878
 F -99.62031  0.00001        -99.62030117669323    -99.4009352722369
 F2O -274.3508  0.0002       -274.34926390710893   -273.557697922834
 FO2 -249.7651  0.0003       -249.76101298359058   -248.9735641221
 FOOF -349.4090  0.0004      -349.4067775540665    -348.332438034934
 N -54.514588  0.000007      -54.514493694662      -54.397357845084
 O -74.97383  0.00001        -74.97382853697836    -74.8056444225297
 O3 -225.1353  0.0003        -225.1327040583548    -224.341630584861
 OClO -609.7805  0.0003      -609.779697552805     -609.053271996899
 OF -174.6707  0.0001        -174.67012861720235   -174.186130530771
 S -397.65358  0.00002       -397.6533025445446    -397.503612355253
 S3 -1193.1944  0.0002       -1193.1917692576033   -1192.59861248001
 S4 -1590.9425  0.0003       -1590.9362428415038   -1590.11760460539
