 N2  -109.275374  -109.276773  -109.277059  -109.276831  -109.277012 
 F2  -199.097717  -199.099315  -199.099411  -199.099253  -199.099328 
 O2  -149.985875  -149.987648  -149.987783  -149.987605  -149.987773 
 C  -37.760688  -37.760708  -37.760710  -37.760717  -37.760717 
 F  -99.527650  -99.527761  -99.527760  -99.527765  -99.527772 
 N  -54.478631  -54.478663  -54.478664  -54.478673  -54.478673 
 O  -74.910062  -74.910130  -74.910131  -74.910140  -74.910143 
 CO  -113.054887  -113.055222  -113.055979  -113.055839  -113.055892 
 C2H2  -77.109643  -77.110330  -77.110663  -77.110554  -77.110678 
 C2H  -76.400169  -76.400780  -76.401147  -76.401099  -76.401217 
 CH2  -39.041567  -39.041616  -39.041638  -39.041647  -39.041650 
 CH  -38.380164  -38.380204  -38.380225  -38.380239  -38.380241 
 CH3  -39.715944  -39.716018  -39.716057  -39.716064  -39.716070 
 H2O2  -151.193903  -151.195141  -151.195317  -151.195183  -151.195266 
 H2O  -76.241180  -76.241615  -76.241662  -76.241634  -76.241649 
 HCO  -113.576393  -113.576830  -113.577505  -113.577323  -113.577384 
 HF  -100.228220  -100.228599  -100.228632  -100.228612  -100.228622 
 HO2  -150.559186  -150.560131  -150.560452  -150.560296  -150.560380 
 NO  -129.598350  -129.599354  -129.599819  -129.599605  -129.599737 
 OH  -75.559425  -75.559652  -75.559673  -75.559683  -75.559689 
 HNO  -130.171302  -130.172606  -130.172966  -130.172772  -130.172906 
 CN  -92.491172  -92.492299  -92.493159  -92.492577  -92.492760 
 HCN  -93.188522  -93.189600  -93.189954  -93.189752  -93.189910 
 CF  -137.475514  -137.475429  -137.476115  -137.476036  -137.476019 
 NH2  -55.732843  -55.733026  -55.733060  -55.733066  -55.733076 
 NH3  -56.402181  -56.402457  -56.402513  -56.402498  -56.402517 
 NH  -55.091573  -55.091668  -55.091681  -55.091697  -55.091700 
 OF  -174.499043  -174.499746  -174.500248  -174.500028  -174.500090
 CO2  0. 0. 0. -188.149426  -188.1495
 H2 -1.16343 -1.16343 -1.16343 -1.16343 -1.16343